1000
663127 392787 -527897 622570
-462165 -498798 -480370 -342699
768851 -228150 -687703 -765901
829701 617518 -463217 225921
54617 329504 740343 66087
-526786 -654433 26474 -127844
-599460 -473426 923170 933764
869189 -530510 995502 -969814
-4457 402214 -591180 873564
775725 44448 172441 -336311
196664 -557212 911961 -156516
782993 387848 765534 -693603
-571798 101290 -521386 816654
776078 -723975 -378549 499015
-457791 911379 769968 -279640
-390301 615247 578647 -324492
-604556 -601045 42962 960110
-958721 -526992 -980103 295725
-998109 -826942 823505 925309
-283423 12002 830762 -494536
-160831 987375 -173225 -191248
290027 -637428 407633 -440164
-720902 -620323 20375 -689422
715864 714116 26211 -572313
464797 106425 166261 -493199
-182898 -177545 -128620 945100
-805894 534779 481429 -117318
-146959 -976507 346211 -829100
-140968 631311 -393654 -387769
640589 -996565 -606738 363368
668384 618768 -428053 -176978
552879 -856658 -877943 511732
433475 245428 734947 -906875
-946830 793235 313471 808233
710563 -876855 -296051 -268173
-4534 -491407 860335 81535
-826687 698404 -748806 384801
-118363 425667 -375014 -464280
331074 -869977 -923259 199622
790595 -336790 613741 940657
616213 208108 871830 -11275
962768 815204 52732 270392
-939640 40608 -930069 794990
57632 276631 -438 -874027
-470216 29415 601813 188104
383075 -591465 -552969 822305
-473630 -365822 136911 245264
256511 -953303 851127 692167
-322660 283754 -41374 425667
67559 -372230 308872 436577
-150338 372294 -969953 172021
-563447 920793 601038 266364
715097 169000 520461 -40410
-846874 -245401 255781 -13768
315667 263499 689260 418992
-989983 890910 -200782 -17220
-123194 787398 116488 -939646
532893 974946 218814 666397
-549265 131165 686939 -687783
-885623 -785420 100707 961020
14871 -925615 601569 -705521
-747138 -730160 -496731 557069
609384 -695146 765612 -535935
410132 -112458 -937492 -315451
-231663 -234348 -89747 -512017
-259488 -623440 900656 259137
215190 38317 946439 -473025
151850 655103 798041 314471
111527 -847976 -763108 -584894
-199603 183999 962487 870030
422692 678863 -736448 760867
-898607 -703769 -202106 -352101
-596664 872254 773039 272747
-861963 -975426 451216 -997496
352451 -991409 964548 546002
-176868 937671 -574105 -811109
972508 -92121 494015 186906
-729875 -346172 594225 -149001
-389206 627244 -857211 471155
-977013 245280 983166 -925584
72292 -597972 -553842 966093
-407874 -260100 453752 -930681
-70409 -706663 -122886 384288
-401654 -744501 -274870 -845663
446829 176802 -342209 -646621
964081 -131326 469056 544404
779802 721752 -324385 731001
-240583 -373795 -674845 -72222
-9792 436298 530258 72814
82097 -408808 -216589 490692
713954 786446 -64645 -462586
843457 653904 247236 -172634
946844 -861178 -782539 576495
-737418 382240 -472322 999180
636478 116665 -972976 964967
749986 -27116 -138976 628048
315991 -626562 227053 746312
-429712 777700 -327705 -941504
-4088 -340253 -63598 806529
-772394 953301 361002 84530
716687 -591546 603016 974693
730562 701617 75798 799205
-381837 -199628 840863 562990
-261190 552536 -977647 -627811
413148 -388001 -868494 720172
-321878 979119 976526 -686151
-428813 81700 48919 687144
285697 -302429 975440 -819440
831975 650367 106050 -163337
-892354 867500 -649752 -357374
-583209 -395493 -787937 625484
-844407 757225 -725048 943357
543897 985988 272234 -602344
746380 67005 363866 580729
-918959 384806 979732 745868
345979 780571 -387183 -575122
-554239 -144106 734161 -519170
848646 -345135 -200926 -895717
-191877 112215 610955 -985576
559821 745449 -820907 177896
793026 -783358 -794841 404657
-369998 -254217 -938336 738184
562754 -87769 -561054 568600
-352975 -751092 305743 -660171
742142 513431 344480 309264
912093 -758343 784190 620854
942300 -244431 654274 61163
-802421 23579 -63470 667646
690542 -105066 -986182 762141
-511148 525566 -938971 -514932
844969 779994 210085 -931204
-526860 658420 138135 -646412
412024 -125017 68567 669675
495044 -447784 -545544 33768
-362173 428308 431987 -805288
267312 74108 508295 35593
12846 245892 671932 482868
592885 466572 873554 315079
12075 -248434 821792 166168
124518 362898 -719129 -158444
744410 732823 48615 874856
722132 730857 168407 142548
331442 -222608 792894 854985
843069 -72600 -540229 788878
-8680 177595 530551 515526
-604969 698861 -738333 -269537
-368531 -341325 -577857 -130906
-171011 420267 525404 686650
-221525 250745 -995023 -799550
-959008 -504230 574544 244835
-126770 -383130 -462716 -769129
648193 -121844 110891 777135
915906 -613288 596280 760317
-907666 -647965 -187931 -522677
-520199 -285845 876105 -362464
955582 762957 217709 448381
124427 961513 921012 247824
-150195 -392134 817003 -644751
-25077 310758 699866 658177
155777 -862869 538819 142055
929648 -541638 828097 205522
-684522 561668 -137397 -286093
229877 -826811 -874801 557425
220172 -973649 -237427 -68996
-241331 -945956 -897736 -752855
267851 320858 78445 140516
-34694 -823523 -552006 21556
-404537 365566 -196043 -398249
-366167 -128423 308950 -771810
-495552 92153 394139 937511
-293858 252219 -913876 530681
-139568 -803004 -298914 -338805
-237956 -202636 -765280 -335133
-375480 -747884 980313 260294
675334 -604650 -275321 31101
-817682 -676386 -811959 -808514
181604 28049 -543361 631697
-145617 10922 977841 -536073
673183 -800471 772262 646409
331366 668417 -438403 -629113
-954829 -656724 -496944 -717212
739484 -602406 440234 -542646
-602741 -940568 672668 327586
-68129 -642332 -778982 -928087
23878 925709 731995 189570
-631500 935516 231207 494710
-417156 -363701 -504968 291634
53617 -48405 758768 -811933
-483127 476706 -432986 754430
-206870 766667 -619185 -499617
730727 -224957 -533650 -489547
124421 272196 -245336 49432
-891588 117432 742984 -422460
-790472 -677608 -834114 -777742
139157 13698 223572 -416928
336806 -119392 -65833 -510864
-64321 -994404 -586638 81556
-413008 -210987 -528739 -425404
784414 47070 189670 20079
-767021 545372 -924633 777048
-566932 687174 -794511 -393703
-562900 824125 -826808 219158
935424 -770693 -763891 570978
-838009 242835 239235 193182
32758 -664679 -53577 -607974
279005 -426989 945584 614906
308337 351361 -637323 -335915
-682935 983003 -496294 -718002
-359222 205607 814215 -526300
397207 -162284 893611 167839
325375 -220090 686985 -778150
-669511 346529 572994 -455456
234091 744459 401058 666902
-801238 36582 -5616 -855079
417105 21227 -959189 -89289
-185985 -293117 -788243 -222038
-562136 -339257 -773733 400826
837473 884708 29334 -883649
122773 755322 238729 935846
-984169 -635489 613406 734100
382102 -476594 -619804 -15371
-996468 -448924 885514 379209
23476 561244 762870 245429
-353949 -529203 -74697 938985
-389141 -115977 421676 -554302
-629733 -996361 -963147 -789331
573112 -615045 -218972 260504
-129120 -635112 456295 -716481
991545 435547 -550312 -184002
353232 806525 -347798 246503
786858 534022 -582972 -727326
-639767 -520507 -493885 294201
941749 505658 803010 416141
321190 -504909 -898390 378020
325426 171903 503910 140719
667312 -433427 -441635 -898090
304313 -759635 157153 327095
-390564 288865 -80834 -45259
-180581 175985 284712 122182
892355 -923709 618740 -756747
799571 -162864 -818779 353018
466166 666811 -594719 -347611
-773792 -135845 263671 -733465
576306 -364831 -682202 -155431
-164752 440974 -138086 652566
-116553 -608027 -827628 -910600
-746790 973538 70798 698828
-423331 834691 -31115 -604450
419803 -595885 86097 183747
-356168 924170 -773859 196278
855891 807224 692420 -164134
-453532 833408 -660898 967008
472953 -776709 337555 -644577
-185701 -234902 -646589 545118
-675522 111052 583998 -198889
104401 -756 -237420 891936
13664 -808776 -968928 -317328
723747 874332 -899337 -679221
951610 104692 -18373 -171402
-10947 381637 -427838 -742867
-347324 137988 959520 -379541
18721 663677 -290217 -253662
341910 -432876 -862072 8129
571877 216436 436635 -31020
17482 192994 276637 780722
672541 -94817 358750 -280317
-630880 383337 224150 11618
-392218 -905535 568905 914624
-96760 -55052 -402105 -41113
-75693 -310137 747097 -701982
530632 -878168 383499 257734
987559 657627 718506 -234493
447009 92339 959449 211663
-48400 489200 -694777 -633490
-17878 17518 130436 -777775
324533 796091 -467553 479867
-975995 -836390 834267 587848
597477 702182 -957106 760420
-50836 -663270 170522 713752
932344 817896 805317 66665
-300164 33785 -714927 -777317
213803 -685490 128103 -832759
-447409 -563410 -255896 4164
11135 574301 380050 16111
901108 518190 763279 -849366
-383468 221097 221833 829217
115354 -12602 -681802 862284
599130 -388217 -392099 -558460
-603325 -863960 283378 -338687
-543928 -445822 -815686 379216
-478393 -142898 495170 -216555
-306859 -182015 39509 -807793
-133451 299087 -518282 -826562
869942 973099 -777370 352815
-955118 -650395 253983 157855
-144975 483099 -187071 -903261
-880946 -416214 167566 -454559
-589948 46494 -701371 -367956
418863 141596 628011 836064
-249912 672884 -166686 -925973
901954 737023 322994 269626
-161738 78085 251306 -108775
113053 750850 244716 309457
386533 251135 578546 649139
-462944 793229 -750923 -996225
-551691 513913 -287572 -142524
-133223 895919 444087 -764175
-618265 3490 224215 -900499
-222044 -909483 946278 -269182
400313 -632647 -919782 -601754
690618 406276 -904680 -359009
-348756 835993 -934465 -83726
-424024 773753 -600239 -435790
-406554 -230738 -894768 -337692
842160 623229 -946905 -840905
-764505 -556186 564549 -848658
-295814 -872038 905528 239301
543585 653276 -871832 -482197
467298 -362426 918544 -713372
282861 -329185 272855 -501667
526551 -580449 422214 -17720
-867868 978261 112729 22617
-318989 874899 -587901 -452720
-809347 411788 600498 943703
-42655 380634 -995504 293552
-432884 -86302 -914346 723394
-497324 744761 -102491 -399354
-856818 502783 -441195 -357969
-320851 241515 70797 173275
588733 304476 -781136 -36886
392440 -415594 457114 861947
-472708 355329 615153 -232772
-298770 928356 608929 655661
-213796 503629 759321 -46386
-322897 187073 725596 -937647
396163 192524 -330855 -902225
-518305 -27395 -559361 -59588
-165111 914289 -857310 326560
491717 245379 -462046 517894
-973493 -443900 -174362 -289499
455718 757212 883030 381247
-347070 917899 -93283 -286715
552980 -152597 -637267 684411
-538936 475546 662401 -790337
867485 -899705 -336690 511486
-943750 -142888 160902 343963
134986 179826 787989 790472
9166 -616804 -16515 653691
-289183 473302 -661202 989338
-126563 -898206 -99081 316072
-783230 402216 498519 -39080
266585 -272522 -226894 -552707
-331962 693568 -990157 -695898
-295147 907066 187937 351192
-150119 -903802 -165856 754878
495952 -28561 -80520 169837
850645 730320 -425180 644609
482119 -693346 -55304 896582
69282 -519087 96286 967419
-572084 171572 -742472 150938
539467 410563 -98764 898728
330707 408083 412347 863151
-858601 779809 -172467 157101
622965 508997 662056 -561305
-660699 -453212 -551593 120097
-287804 642477 -62307 -510188
-715947 597821 -912492 -860235
-476278 -485344 598108 -335105
380148 990029 674656 -267066
-212215 981301 -904671 103669
-141831 64589 957289 -672289
-513110 822099 390394 55128
567503 867678 165858 -483395
575831 -627841 -917717 -318412
-306048 290647 -710711 427204
994417 933470 -510833 270667
610540 -313175 453232 -725402
-327575 663682 -114674 242775
407594 678745 -995738 -517634
-175816 306435 743437 548465
364542 70049 877115 -16963
329346 998087 779946 -624940
612393 452451 439276 -991986
837899 324184 5592 -36249
-867344 267490 -201990 -813884
964290 -296358 857978 340262
-965495 -208927 590011 645551
903218 155209 890053 769995
323366 295118 351469 -458578
-898582 937588 278759 -139565
635650 -532639 -387324 611325
381481 126832 189607 -260781
283618 683923 -229620 -20319
-414532 262382 -501520 -457348
-943370 -771304 -844315 -814520
181288 389829 559333 -381446
891435 -116345 -787055 -293859
-90044 457524 -815273 -548631
467134 307905 -274445 105432
809817 922211 669024 206910
220721 525442 503801 513970
823140 588057 -937878 -862183
188813 335149 321766 417447
-693966 506767 -307483 -720119
262305 91697 -150985 -388182
-455066 -492401 -961136 -569964
620291 863320 899487 642812
635920 466122 -836863 -175136
112108 472364 -17086 76593
403048 -676986 -658347 291562
742412 186437 -865274 -432255
-418351 188343 -311167 6255
-957206 -901887 -873975 195542
-462570 527292 371554 868249
279453 993198 -260939 -762580
290509 691779 -327888 619634
-955595 246314 -441864 -110088
8355 -372779 -189312 -52549
35430 -231292 -312345 499213
-516039 207966 -869166 -270697
-515735 858891 678057 854649
-432631 -57943 -270748 -344500
-586039 939949 -931015 758707
-311 -194563 983671 -438940
805441 -313411 -457118 -521409
613547 -113323 -542153 466268
81267 -343738 -891894 983729
401247 967273 648994 -684142
-147726 510057 882980 -329769
967521 -404054 -991526 680620
336202 -812418 628701 -348795
-415338 71696 440389 457296
-994161 -331812 -648284 -752806
265401 -149040 -430682 804115
-110777 69238 733228 709047
-711384 678097 -363593 -968660
63292 -193394 993609 -669667
-226285 901806 141529 706333
-468213 690158 225314 517358
954335 -545915 595156 -637744
-66054 616780 304033 650099
-434968 701024 691534 -32095
232484 -993698 -348664 -573000
-204426 -918698 647582 4310
-261318 -244843 817390 907424
-94323 329197 137900 41416
-784141 950087 -677968 -203593
199667 -721503 559451 -714526
710783 -330850 -817958 408037
695722 -159259 -671600 -586454
-105169 633629 60808 -881893
770152 -654046 679912 -474776
-232783 283096 -766671 116119
849533 -589327 -951496 402507
602417 -633974 759936 123852
567438 82899 -326919 -227764
487493 -936054 828058 462611
711568 -682469 803929 407387
-973683 -865512 22670 781652
-548437 -331780 26649 -214501
184570 -427572 -292969 -621954
697406 -95024 -558886 297439
-587404 785535 -867909 -173876
987815 -834845 44506 -354898
-222760 471370 637449 -282784
-868144 35246 191855 10453
85927 -311492 -149234 938832
899189 -210833 581706 601445
895616 574783 -771073 566664
-504270 -466308 169946 984790
-207420 317796 579183 -178906
719633 -871243 614044 230165
80320 296063 188946 -201849
-832124 620706 -590175 -882952
-355748 675245 -912422 -480729
804058 762955 461454 -165329
-444825 147362 -36892 772672
943221 960195 89090 489072
-350714 702143 75609 -610499
-425918 665277 176656 251593
953163 322789 233926 232512
370290 -159839 362698 -387422
89216 -672601 -592261 62326
-601081 -40635 -658410 -318734
-365388 117220 -271308 7930
564235 813688 193516 -856688
353499 463847 36888 -108444
-457477 -833633 633242 -660390
-395894 -121516 -98146 152618
265655 724265 -198760 -201331
-469683 762823 82318 184994
-300228 -45868 465611 155423
-726091 44512 196612 -622492
560415 123871 -309050 -134410
-62381 -1673 -158360 917741
145266 -835319 -120622 889794
653751 -274968 302370 -672194
-868493 -88108 40552 -978356
-183081 932138 886685 700739
-459175 -197764 -641247 257870
966383 -543325 944761 347108
802283 -302639 -545415 60848
72404 411719 -103920 211998
245341 750847 758349 595902
-640844 156186 -200592 638447
519204 296273 161619 471167
-40137 -575230 313536 913640
-373346 300444 111576 824343
-196258 -513859 693747 173382
996869 -894450 -268656 -34900
-846224 913756 274180 69632
195630 -678214 -985805 107345
771565 830564 534332 924131
641363 39988 96657 -495665
-923913 -546830 -469461 991833
103790 -600131 -609821 -980689
277911 -442794 -206103 -342333
-500920 459049 -571075 306214
207413 355531 511045 709957
-275624 -526315 -202143 -328550
237073 -379679 -153533 -249373
-716529 -22836 -266806 945609
927612 -731672 381096 -711645
357582 -303441 824455 46286
838860 220279 -151109 753878
421532 106641 -243560 648183
275905 -527698 641415 696257
-926062 -504935 621968 -364993
-627107 -626230 757949 -308245
-472882 299931 -961170 450196
-298228 158965 564627 -960617
829396 780549 936230 608035
42909 276262 316950 390057
902635 -104261 -187464 -57545
-529030 -15401 -670532 -288172
730893 90105 -172792 -203361
106152 434607 -471490 701752
491542 -678734 680618 -626918
118143 116554 749999 191161
-573432 814226 947098 277713
184154 928596 205807 97327
-913502 -412955 213346 63284
-157076 -671523 804017 -963893
201713 -129272 336571 -185832
-827557 506935 60287 410545
-937854 -20318 -98507 -999630
-985326 -788675 341141 -489709
657759 746074 965650 -539014
-444530 -663908 639641 -900406
615930 -875930 988867 -563890
-794371 222929 965819 554522
-936760 28196 572082 -234878
513135 -254071 -295205 795762
985835 -612518 -269002 864145
476776 -974530 -15932 909058
-621491 353105 321204 -463181
219871 -957774 -53715 464867
-302620 338109 -550253 -36825
-537569 83059 358293 285546
-475885 287289 -396104 -844692
-691292 -544776 125556 768614
808162 211628 722069 -192535
-494414 619594 -816454 319207
782732 -631171 -590441 694611
888900 -192686 -61772 -858749
-90390 -142831 -198424 393890
-786208 38597 -518503 -258080
651350 344768 565637 -805191
-92848 -887897 17901 603086
615668 10288 70700 -358199
-705847 510776 -156357 -613644
-655522 -895655 575472 -968033
-352756 -796329 -976167 948632
-227301 -279962 -351838 -703266
121655 -38476 958972 -387816
-268987 843308 -481476 995595
592673 -55899 -620957 -855385
491765 992634 -406628 -733567
611924 671119 -75572 -144013
-349948 534236 -983233 17931
285673 -228986 -385565 -762748
982399 -445091 219214 746474
-219200 496891 -392432 -455667
608734 -167770 725083 753431
-546507 -2954 408602 480953
-989137 -821715 500097 308969
-381778 11564 736279 766689
-539386 -10562 -750731 -369550
351183 161401 -808894 -886099
93493 439584 459750 310175
430512 -79426 -298160 981383
-48478 -30706 665027 -150948
-699141 -449765 -551222 507635
-473417 -712582 968825 790990
-937719 -815544 808946 -975621
-769751 -355741 573051 949846
503902 -263874 575772 798813
274590 801460 256789 -592511
-80354 -260638 -798365 -423020
576957 98970 793907 533393
399001 595178 35112 -282600
861367 634849 -604505 -460445
938589 107693 -211491 -458622
-447734 -320834 563352 825502
258002 -239955 -94312 -994279
141856 -285687 819876 -2562
940325 841975 363740 -77354
-783416 963005 -441259 243171
-387195 -924861 432678 219121
892930 -534198 -195644 -886373
445514 -618653 -779468 275257
-275662 860996 742005 -81021
-521349 -756337 -704745 -617616
491660 27789 479627 -46856
493737 871825 -633531 -427284
537241 -740243 -413969 -556335
629842 17209 -167213 592296
-330985 -846717 -866126 256972
167968 213582 245363 857339
-893388 -56989 -594145 -675963
-30377 139329 -482645 -711717
446962 449474 -756745 -355243
-668048 -95149 -949038 -407105
487687 -723477 -327079 -689080
-143303 654160 -821290 -560913
731361 743219 834832 -234991
-372293 780939 277374 592677
-319280 278858 794970 -595361
581531 -882290 59413 -329192
285136 -170874 -411599 -756175
841278 315913 -74663 -970733
-454403 -563926 -811417 701739
857960 280658 513078 513427
-740892 987311 -486772 483234
163365 -675897 -631365 -503937
490269 -256540 -218308 732141
31658 5867 -708362 968502
-727299 -918949 -925910 810592
-688205 188598 602561 4146
-530560 173017 696331 475946
-86046 433513 131682 861406
-400865 -562491 597792 -405154
557764 532850 -420155 -190531
-269817 889230 -628749 819124
-208733 653896 -331699 -470030
-325534 489498 -648648 971309
-287523 -107656 -899821 -291010
844868 830881 346641 905580
535139 -297099 -751313 839632
-98174 -495722 -673157 483836
202767 -287323 -221097 370253
576656 847230 -793892 -672873
-170524 388623 35661 287972
804003 423535 726567 951597
-335796 -252969 -132911 110763
393004 -890242 143035 738600
624787 601965 -804185 -414551
-834792 -534367 -250550 -349836
701791 -675568 916547 684157
-753828 -189121 92576 -967756
686049 -444494 267850 -221458
527619 624774 304515 -375502
254475 -393 3131 -468507
-993449 -757978 960578 842947
-9196 312903 253984 821673
-113153 560058 819273 -558723
-683940 98672 -780148 -520197
293285 -963358 -269235 -529811
858248 -859752 -135297 748514
-449753 18349 -551169 -946349
594728 -79600 -774279 551178
-911433 627872 356622 -392446
-1173 -153831 -606451 -977176
826408 689569 864912 -900639
160168 184732 -888029 -441709
707721 -749627 736636 635372
-933814 -1888 -738916 -875736
157771 -803442 233161 452397
779431 941494 8908 584149
437851 695417 -571708 399770
796416 -183536 688175 -944276
-640695 -550867 115378 -575641
-74981 -721368 33311 -34878
697076 -927191 -725322 207286
-85247 -432803 -360348 537915
-583032 -898672 463952 -487633
720534 70853 -619273 176759
63333 -302443 493044 -680654
869887 -935228 507012 935307
647156 691313 207502 662794
-878289 247681 237059 654565
99426 -893521 -124676 327224
-260180 -140057 793964 197371
826611 -286052 444699 697000
-240731 -520580 -153514 -974052
-29654 -377512 -479112 723502
-613561 263643 -252753 844090
-648251 14296 -313523 -239668
-969605 -483837 828067 -819951
324381 -56791 -661145 581693
599015 -831090 -257435 987232
911082 489308 843325 723823
-98916 912190 -869263 -890719
-994485 606055 203359 -612471
-427751 159393 821566 -330394
-150285 -969234 -621686 -968747
-123101 -366270 -92606 692104
-783731 -34562 -726422 811123
-337115 787599 -373715 -288311
158031 737230 673185 857429
25688 951045 772318 -353741
436346 471183 636611 856049
-886448 523907 -228874 -161277
-402314 -799428 -211743 266412
147895 592509 863934 702860
-739411 925673 -966524 -792161
-92301 -50578 498488 501445
-894930 -925613 121401 -50248
-100838 -953814 -310705 558089
30977 -27571 175563 855084
-702548 -466099 435192 -792597
-641361 -737951 970454 -978337
318806 10826 -677866 190120
672517 -556312 91621 438559
-346151 -27197 592059 -424952
287090 85964 847034 610450
667785 -900754 -196756 -467740
939555 -161294 -785562 -273552
853841 909488 -181272 -685451
721949 -104844 117399 -90840
200586 629180 -964420 674857
-114889 -819887 -722025 457586
682107 989341 -947703 977728
-555733 -417085 -100134 -683479
461964 605343 62390 715447
-868001 936040 -759553 904618
112351 -408453 485079 534370
-825967 322961 248150 -685518
305581 -571723 -164880 373636
386020 523801 664738 894227
647377 -509201 66525 -113319
-467506 -148787 488223 765454
-417596 255069 -402431 -800537
62068 606056 -143213 -308256
380900 -572652 486392 -910554
555192 -754378 441056 891048
789051 22891 752739 -197505
-602417 -727013 -69571 -215870
550762 406996 -676528 -413333
-187645 -908438 939658 156982
811549 -443952 606561 365072
785454 -927865 -105463 -782229
706581 304298 232745 -96237
-160438 987951 -501444 -773694
-335139 559333 480849 442340
352933 279455 45868 -191356
801051 483173 -850215 -780475
463507 697224 995495 688314
109794 -206093 -524172 -374295
-524235 153893 280708 326746
140848 88208 914847 950848
-763921 -836505 933682 -216733
-550336 -227849 -588766 965983
177079 601169 -446985 990275
-899401 -832134 734179 -324988
-913780 114229 503375 -980422
158622 171938 -689536 -481935
-499443 -797356 50585 -986222
984911 635694 328474 736035
-371006 -778215 -997755 -311001
906249 -690435 -205073 588537
-732373 -187434 -106567 -557154
727981 306985 699694 -894769
279023 184284 615471 -582562
-493281 -661662 -938494 184282
-897078 446442 978980 -597213
670775 -205425 170038 -146953
551334 -858447 -289147 244037
-258154 -126353 282034 689415
645671 -864336 7520 -435955
934997 -540166 256490 98066
-752197 313537 854714 14623
503066 847849 693895 -262644
-53762 -87394 121202 -432213
982924 -117047 713604 -587853
668925 -85449 56393 -282371
-451094 -223698 -169095 -656956
587762 -741961 180608 -531113
972679 -423898 -62078 360727
-569376 -763751 561949 375259
-718109 416440 949366 865986
788573 -59926 -463463 60843
104311 161687 -907867 986959
-545385 713025 -666201 -456113
749191 -971022 819220 973564
290621 -604705 393368 165660
-844120 22633 543715 562632
61468 -669496 808210 -47220
112916 901538 804097 -128492
-228684 -739021 -442612 -615778
-842932 -666640 671007 -234321
-673968 -905073 146945 89098
647595 -369669 724783 948105
-936639 -660327 705271 -514863
189929 228312 643359 419085
589783 228626 -143515 -623416
95566 810035 73166 -594252
-216010 556526 -328556 -715949
-751059 -415613 279183 -336376
585216 287048 -33560 160289
-489501 -110038 -470377 568244
697747 629220 50394 -584195
434098 -630084 -468352 -866834
372626 -318113 -228757 740218
-757023 652478 984561 571687
-235655 -635294 -517073 16343
-665645 -633494 -609753 359363
-108199 -898597 386324 414010
165440 181727 -645142 -560184
120589 -179777 173648 -20359
-804619 837424 349094 -759866
440666 -883646 -248083 -130289
-997911 280830 -554063 -405035
-615642 -80279 -936643 -295409
683951 989219 137878 39437
287444 602216 836119 713390
-665474 -33206 -376119 714034
-572594 -654473 561209 650227
-823114 663778 434054 -177850
-605967 326047 53763 -36876
623105 -559850 -841112 25067
757455 -474120 -847460 294458
722556 -946957 874807 -357499
977351 -69668 907041 -15687
895612 -485956 144026 -917516
-572174 724847 69888 -440604
26365 829007 -942992 -347940
-969211 -15949 -378425 95838
370261 2423 922874 -752054
628575 -727799 -288999 -691882
562555 -768134 -289551 839261
322654 -72189 -797880 -718805
-699152 204671 504839 868138
-746458 836909 -285686 -131732
-938570 610155 -530315 70530
-788864 -114420 27562 812098
-921069 372934 320893 -981493
-637770 241664 -540189 564407
-887636 -305899 526291 -223765
-107247 -51862 -942402 -721124
-705436 -436216 385013 -396568
-728499 -229327 279229 924017
177653 -22926 -715780 220423
-988441 -633902 142071 -304633
-266782 710594 142544 -168480
881677 498270 807544 819815
-762570 -715314 -113123 -755904
778057 278671 128185 -556532
-488917 -764349 634120 -860287
-202358 436335 -966625 38280
436563 -452743 167388 -289432
-265653 84521 678202 225090
862252 -469771 664738 -909273
617649 201244 -613418 -400236
9557 359499 -386741 -343579
675506 -279527 -214050 -620130
809562 -225455 394732 -381865
152375 -944815 492479 -313545
-402666 278610 874622 -933547
220760 415653 -949977 1005
-643745 608212 17849 436253
-547414 -977837 388219 211621
747521 -831507 148857 787848
763320 525240 -66725 -663616
556189 -768486 864853 -109357
519429 641696 469199 -158466
-266832 788953 -959797 -549882
-163426 360250 -56382 531582
-739810 110976 -279280 305956
-741100 -763927 144748 255760
728181 -526451 -748009 -57599
675693 339709 -845364 -445018
5328 -859081 -840468 -158795
-385178 837126 999356 631295
-16919 -894612 -802441 -71073
428922 860811 -844372 -14067
604136 473685 -933954 419019
204628 -906257 989779 -267282
-723233 183819 -64340 -645428
-871278 -438994 -461491 -539617
390204 -239097 -674649 482946
-373729 708931 -711361 758172
-947537 681189 868170 -835094
193908 586540 -196293 965374
138838 382973 -615252 -350502
254895 -104815 -711892 -678365
19411 -800009 402641 -192387
185992 198774 430948 -405067
506118 566600 -666592 884277
715616 142767 890729 -185981
-600465 589216 21098 402936
-906996 -612078 973379 -241038
-950608 -447877 674724 996536
413074 577740 658931 -274427
989285 -525429 -204873 -957879
916342 256430 -189259 -949247
-957036 499747 -683979 -514657
-138285 859286 -911015 -488850
803511 -118255 401095 60734
-266521 985296 862758 -467794
307188 -186983 -325004 881572
-796585 -138915 869398 -113271
-197642 63856 637877 -609338
-168565 613788 367196 -428641
-491292 -411719 -356632 -19399
-155815 -627660 -190616 108530
-109420 -167666 202212 58737
56307 -946422 -247044 -350609
-832406 -589386 367424 -886206
-312455 358524 405056 73363
-534808 985818 -452575 -655881
717379 621889 152955 111596
-64444 -373506 939997 519315
-654515 561961 889854 -97906
-565294 -44906 -295433 -303846
-830694 272368 170310 -745023
-243211 -203650 52869 -337024
-711165 -587641 730947 -358486
937901 -762870 -56894 882009
-938120 712672 -290580 898216
-124395 974762 131057 -511521
-839963 707284 851432 -344799
503650 -475044 -37740 742764
883852 -333639 -388267 -246766
299847 -639028 -112710 -740053
586128 -583815 -410590 153250
-253668 -675767 332214 878297
687276 -579521 -13591 711320
-628219 -542317 -217006 -729708
506923 -13534 -332081 881701
-377516 339130 971589 956802
532817 -867850 -98858 -481151
473968 374293 168297 95371
-647654 -848739 -75164 -236382
184324 215556 -694253 897982
97379 591599 -510789 300851
-31146 -878909 938618 132151
-590216 875470 -844983 -589526
942554 518521 -496613 75886
-834504 531947 543784 -599516
742022 -646080 291130 497442
-669197 -289457 -130683 59626
-552033 -523228 -137488 436473
419867 332879 -270473 -654696
-20139 377054 -525279 -79176
241444 365301 934941 580879
929713 954563 520143 502847
-708390 730921 -942728 -176321
-299006 936351 -224568 -237323
-981667 -983325 -812663 -528137
-104584 773118 327988 -8313
126925 -155119 -271827 511976
-115937 416141 306904 262958
-723487 -66664 -714400 318470
-37348 610163 919413 -343939
-904728 12762 761226 -557391
213200 -165893 823728 -432313
-504133 421000 433755 11217
696668 -450846 690520 -313112
-46452 142809 -469770 803428
894740 -399207 355205 16965
-538460 -930415 352151 686573
717567 -330893 -377285 -885895
-26461 736509 -63657 286905
886676 703763 23017 -635410
-935415 469798 -229782 -163576
525581 667719 -126400 560796
997576 524456 696449 836900
-852313 -675529 820641 947289
-951076 327275 -883068 -383814
211832 -528906 -381727 -818785
974237 650406 -380455 419794
-864064 -841720 513943 304826
711536 -599762 -353889 753806
866897 -44964 489164 787557
-126076 -988504 788851 -108915
-164930 322301 -32004 -601325
-837630 -805724 992306 443552
969814 453516 781947 -200973
-485180 840896 455037 -447582
-65527 -880293 921073 176665
631573 185983 806925 -18108
675056 -576638 511674 -151261
748172 -742061 618775 907253
-15014 819801 -783964 450065
576249 -972536 377838 846631
264311 -336827 -997240 -695191
-934663 856573 278488 519800
11283 -838099 631325 -764105
779620 961232 794294 -436840
